0.03927028111844719 0.00112987034585504 0.02268644536952922
-0.05913803545297327 -0.078957348794381 0.05604469618133426
0.04894864300492025 -0.07654903322018844 0.07506177702269755
-0.03555363610879249 0.06506861094212578 -0.08263770324239263
0.008656312433314927 0.03426538903733798 0.05486225781809674
0.1375787176882453 0.09090212849182591 -0.1581257793939259
0.0409687545722045 -0.06532399663496007 0.05313155191596101
0.1628332986935231 0.04332861747381603 -0.1341083127539557
0.05601614126311269 -0.06535803476603337 0.04946772370429968
0.05683038669536185 0.01589204952848721 -0.01887334744628836
0.1383215384680135 0.04370321754283949 0.05584733066047527
0.09358495003212418 -0.1360991798072457 0.1001055077498915
-0.1010313165794268 -0.05538019773138093 0.1107105913270395
-0.009850899116749287 0.0448409320069067 0.01253883136024989
0.1076231022641558 0.01163174940375822 0.05647835594982334
-0.07126551641384933 -0.01846939767207984 0.06840075736615714
-0.1200398570791441 -0.07263901239563739 0.141931248672681
-0.01102225175521606 0.01959551525250235 -0.04886019918472716
0.140745341997515 -0.07557765786123763 0.04095832712617657
0.1098823274245931 0.119452283966681 -0.1684283033070094
0.1101276517651042 0.05066398722244161 0.03508292701662832
0.1087515122066993 -0.001022785294617028 -0.07286336451201122
0.04955513389804927 -0.01651542396376959 0.02722840775234586
-0.04425630930875616 0.01059540000713962 -0.03902296738922732
0.08212983160297981 -0.07663018208150454 -0.03336887660103383
-0.01746685510743409 0.05098921854964965 -0.06673096452014153
0.1128206913029863 -0.04739559025226157 -0.09029577518659855
-0.01251243547267156 0.05128278374057742 -0.03287263935546524
0.04041435277655546 0.1018742960976589 -0.1164444665593747
-0.03605444460813686 -0.04263931672921987 0.05964484673328131
0.03021842941071121 0.002310945567419643 -0.02724512410700195
0.07041625062286494 0.06480269386743209 -0.1151999397747378
-0.07306783818606216 -0.03547245417383813 0.03277855374397473
0.115957340265339 -0.06765731429578443 0.06945103831239387
0.08784868204753063 0.01004016699475055 -0.02398280557256866
0.01536418808211588 0.05357822048642145 -0.03584856305727992
0.03754300213622768 -0.02533912756339006 0.02843395850503873
0.07955532043033085 -0.007187146183508601 -0.0395803812908548
0.023907256729797 -0.04675083649614609 0.09049700376018226
-0.01771306768372729 0.001205481640631356 -0.06617051879481235
0.1261849565782761 0.0479461134603316 -0.05051144827942434
0.05286023152447124 0.04648948505905938 -0.05990017521616286
0.01500450637080781 0.04885107621024871 -0.0901264675026119
0.01923748790246556 -0.08438202267955106 0.06618739411925498
0.116001818430457 -0.005606973207983368 -0.04067683449992324
-0.08503380300110806 0.05678500364365266 -0.01853400113850903
-0.01509795493102423 -0.04867862912970865 0.01851044999738852
-0.03635399698722173 0.1133668093210551 -0.09393377051267918
0.1127301723698632 0.07291618504852676 -0.1106702634958559
-0.02752824438590148 -0.04404896959821022 -0.07076525296812713
-0.04671139826568534 -0.004555190560016082 -0.05385656909855654
0.03002120597214415 0.01116752493624249 0.001193770900430672
-0.01583118985316578 0.06452076246656736 -0.06720143843409641
0.1272816262876429 0.03805320672908084 -0.06593739884885401
0.1165137855750293 0.05220341660187627 -0.1111147051896626
0.1186146583055715 -0.004045984588878272 -0.06788689102486817
0.146776554290989 -0.04413623735410233 0.02750293742420654
0.01734846245953671 0.01123495297432599 -0.01053073950583885
-0.08883992702657438 -0.006302333454842524 0.05446043037310082
-0.00469076885073288 -0.01955927486890557 -0.0466026087588499
0.04108706696477098 -0.1170513397629557 0.105915777115062
-0.02396423201990309 0.07304877806976684 -0.05189202554655129
-0.0626498738517126 0.003895861356444177 -0.06637060765051955
0.09163230087126814 0.01759056492826883 -0.01046192960832484
0.08238492759848499 0.03943337115001126 -0.042388664282882
-0.01721415809215554 -0.04140950601625679 -0.01905981201797809
0.0878470334769238 -0.01378196247211399 0.06069564566792007
0.137801011347124 0.01458218518778895 -0.06554776555120793
0.05611389515536281 -0.03297299162423636 0.04232918719944736
0.1530621682698889 0.002709416805892292 -0.04652558856917897
0.09302338749411576 -0.01801899147090543 -0.01744308860420753
0.05275052417833325 -0.008269059217253299 -0.009653036930362161
-0.01415590387512036 0.005361276249090351 -0.06164613465760852
0.05121631574711384 -0.01881692195310212 0.0509700616597652
0.05463216941488627 -0.01530434832819609 0.07667066528048465
0.03750879318862148 0.01279358365723358 0.05514542727777203
-0.04506008121465034 -0.02931501672285167 0.08657226480785651
0.0232005601434079 -0.02653029788120875 0.07730124680652735
0.1448839191770531 -0.02474437591017962 0.03854891739389809
-0.1570395039174172 -0.1157598046929291 0.1952345703021665
0.1069985137920361 -0.03962146976072365 0.04029544419877695
-0.09823085339421965 -0.009234569240197714 -0.011842243792038
0.1526233128639392 -0.0556452886242568 0.04340164652971098
0.08035779441514421 0.03566400644638326 0.003579466666401768
-0.1011213959319678 -0.07174273863608338 0.1289895999960892
0.07235210637737548 -0.03982904216974759 -0.0001059757355769203
0.0897292195788984 0.05712668795301147 -0.02083627062494454
0.0001034825675740501 0.01034078749276961 0.06836190044917424
-0.03645685861014786 0.001116312291150852 -0.05360791144686616
0.04186411185782105 -0.03849302654959759 0.01765130805088564
-0.07165832667693967 -0.04084762870306911 0.06124699860604117
0.1024254561199987 0.01679278507279796 -0.04977701114065539
-0.04893025438426254 -0.01069883758496699 0.0183319775753269
-0.06721549869705633 0.04699355847048858 -0.01930466260807375
0.1427313071541139 0.01140337323211619 -0.1160571381787612
0.140367177976042 0.008671214936345022 0.01846808232125313
-0.04677672584505028 0.02982889930296238 0.06140193583884011
0.08852390292979025 -0.022485439637934 0.04442167347449964
-0.08730279913083187 -0.0832244338370994 0.1080685757952329
0.09538783765448675 0.02104528300486801 -0.01776842399421808
0.0956340015287067 0.02756005530170557 -0.03166200681961586
0.02120979773229369 0.08918637788049161 -0.09149494460038879
-0.02532313318725605 -0.04210888369631866 -0.05290146103516197
0.07935676574552217 -0.02497869737608954 -0.009236842086240092
-0.0265244850288834 -0.04041961462954066 0.02865001270972772
0.1437884598195951 0.02049674681968526 -0.1080463357315258
0.1102680247560508 0.03178879820531051 -0.03778443812605515
0.04229104847224995 0.02774895071105161 -0.01896895084564273
0.124497300061697 -0.04027438292677336 0.04575737879437024
-0.03550200199423206 -0.0418492729415435 0.07983934153129239
-0.02260979558419536 -0.003212187881970951 -0.004087905602079047
0.1080954697864145 0.09629154492522846 -0.1433338383069285
-0.02487823990874788 -0.09021474981693257 0.1157899745920489
0.1454238742863164 -0.04243619986559254 0.01210614855403081
-0.03843318735492812 -0.01441784150148749 0.009600734975333218
0.05353390583455644 0.05532979569746208 -0.02347700467212303
-0.04546672094007448 0.04417494014860031 0.01516317406762872
0.0889065022023961 0.05868957956680815 0.018903268885925
0.1071694929558922 -0.01542122669101663 0.01748609903286338
0.02834494694738886 -0.04788807257458167 0.08904352179409585
-0.04362746508065864 0.0752043591503463 -0.05547995548175384
-0.05116461707076977 0.07628426158909019 -0.07201053953230847
-0.138662556187043 -0.07567791947891708 0.1624626977258392
0.01711750963087997 0.008335261150795525 0.04303062545807945
0.1415619714896 -0.05854181171404174 0.04219977874265949
-0.05046320272970278 -0.03727988319171226 0.06634439114842765
-0.01856816864611897 -0.005645227487776613 0.02011719427461697
0.07704026140431273 0.07703986556967315 -0.08026127472792258
0.1322772722121349 0.06724391007554029 -0.1050010227867953
0.07796432723161696 0.03533136247923049 -0.04367656981928058
0.007755334232796458 -0.06351585985060315 0.08830440651439121
-0.04345639803093804 0.1232919699261961 -0.1005798220855149
0.1089147104409267 -0.01026784719717647 0.05345322199482497
0.04166609783089055 -0.0006237163861290164 0.04867527639327182
0.06144008406977002 0.02283722891775577 0.0005015108922496391
-0.05775221582626126 -0.0548288601958257 0.06453798942400267
0.07460825798432492 -0.1137743457576538 0.07854369142221115
0.07902000257746802 -0.08726005563788165 0.02206070721809042
0.0006040454085885178 -0.001638535013529051 -0.06852757355561997
0.09821383213848082 -0.028256406278258 0.033153883144171
0.06205271274221411 0.0452880427740734 0.003246173784713052
0.02456584444020621 -0.04316921901940217 0.03795047725121914
0.08927302373439445 0.002175502479030002 -0.05644546007276532
0.1155940654277637 0.01831949303935984 -0.11306769528106
-0.194635709313986 -0.1156260495409564 0.2182936144330559
-0.04048611847414949 0.07757081545957294 -0.04362793116661847
0.02886622776385104 0.0842171883359117 -0.08610833720595061
0.09754128819858189 -0.008606321889138012 -0.06086861458387896
-0.002504376416695848 -0.08542817841509799 0.1075267414944633
-0.09088208256724066 -0.06993742015089811 0.1054316454631066
0.03096381942073011 -0.07619894347642113 0.07313664700663895
0.1004049307814083 0.01978387876108849 -0.08939199726559736
0.06256045287143454 -0.05419959050296098 0.070109384041424
-0.064365250622039 -0.04879785237882681 0.07923484535036653
0.09990341334010075 -0.005807501638366202 0.0509279822172955
0.04827608207249279 0.0304235428739344 0.01455583996787945
-0.06646871389517059 -0.06525923676931923 0.1236318399137027
0.02343987294472668 -0.06520193931245315 0.04194000489593962
-0.02203897991898321 -0.01625399312195338 0.05573933207569919
-0.07022102160187363 0.002940600169995707 -0.01357806157345181
-0.04494058929491222 -0.07053456551650655 0.09030008325624829
0.1144280961825991 -0.02213018096367696 0.01739158459101058
-0.0427282052316193 -0.02804337504336532 -0.05645266429485737
0.04573826599776885 -0.01377153283571083 0.07318069176219022
0.05790240980177508 0.1209708013861757 -0.1428717841791986
0.1155953680769433 0.0901568328095224 -0.1424600457831434
0.03532657297690015 0.007954419424984673 -0.06598077194867494
0.01577581235539872 0.02263597479700013 0.03810302462855003
0.1450776224458735 -0.05498648883758168 -0.001297903892088641
0.03923965886786996 0.0503563115682374 -0.1047029279717507
0.02581466645151887 0.03714188245310065 -0.04835962189495929
-0.02222490956979973 -0.05979926985300391 0.08922055056384383
-0.01882706706006666 0.06140970892387029 -0.08619090379158705
-0.05444271915421275 0.07333906331098405 -0.005314606001406498
-0.08879765824105508 0.06248749921009914 -0.05178184854250169
0.008968952172033147 -0.07141243652540397 0.1044710841294033
-0.07030772291654928 0.07865616398232395 -0.05288286306466131
0.09896499010521538 0.03962942045933492 -0.08098575916153766
0.09805225525484615 0.03416675733364751 -0.03001953720936726
0.2102195673382186 0.07149639151359236 -0.180079854012574
-0.03745988972466872 -0.09630504003010174 0.1067745451584816
0.110469399719649 0.1399039518465379 -0.1832855617013864
0.0158803786069301 0.03387304566345673 -0.08216570912959595
-0.03943231976409894 0.06627001042835291 -0.06750598963969251
-0.03368322087426805 -0.07138622391743817 0.06088357527095443
0.08934806579156394 -0.06867148716232542 0.04432104248694284
0.145882353617208 0.02816962160396267 -0.0918531338566312
0.06507669769473223 -0.06878529493564749 0.03475928935747135
-0.06421986353538764 -0.04680700487917963 0.0844165857659151
0.06751860417289317 -0.01860215375244938 0.04584253688307306
0.1528655286436002 0.06078720300356035 -0.08106161097210952
0.1261248444818729 0.03632034874461936 -0.008590603847564134
0.01083653379863502 0.03905190131741525 0.02800614938719386
0.06232582166569912 -0.08584041324286425 0.09200822980760488
-0.07705455666641341 -0.003163044792955156 0.09235110729823624
0.06589783244104351 -0.09684915847558508 0.08918822997746438
0.09912503558814828 -0.09982731759354008 0.07874278954327776
0.11278239574353 0.02525046047038818 0.03961340089045587
0.1356877802434054 -0.1164702023447439 0.06845124618012687
0.06739256111175794 0.05086265995497161 0.01462698614184273
0.1083746579474735 -0.07563900027918259 0.01928353802536602
-0.01161865519464419 -0.07765237693928845 0.09876846152795632
0.04353395805321166 -0.05159359664640954 0.06431705875978234
0.09020243325141968 0.03392135619757813 -0.01364329705588332
-0.03073646768944182 -0.02666592554765039 0.0190580606758897
-0.00705358120757614 0.0286677396839696 0.03746856101792901
0.03000295971307799 0.03183169335783165 -0.07621945488120987
-0.04280531533867859 0.0205219031054257 -0.03871409621800057
0.01271709771826965 0.05114062343219507 -0.07201025856924277
0.06362745115068441 -0.0771779769909062 0.05953451668121251
-0.04856865449898388 -0.05036715686493053 0.04378624361679295
-0.04215553688932043 -0.04473667094617093 0.07591978024973497
0.05477717765423994 0.0342343964379782 -0.05041404002640575
-0.07500753927713649 -0.03028849560976456 0.04211215913523485
-0.05324499195241047 0.1130927464661316 -0.08262134970451808
-0.07262385094356422 0.002666660006091423 -0.04451168020922802
0.03045588060411314 0.03367939397010783 -0.0946665602760542
0.08187924995692072 -0.01821647245032862 0.05663065135099109
0.003475335338422096 -0.002818156500638129 -0.06748596328305194
0.05823575172671326 -0.08943233206963928 0.01735956420560427
-0.02781861996287923 0.03241005418799316 0.01599514884673751
0.05924957421693634 -0.05572040449562699 0.07245685704926251
0.08475711819005696 0.0578488066991916 -0.125153039212894
0.002137073526995323 0.0701880335749567 -0.05229738974171535
0.03354515011698569 -0.08477791600081021 0.0853845679567925
0.1122795348924522 -0.03471691356562754 0.03369122252348646
0.006998818883286547 -0.01756518729958419 0.05313827754303242
-0.02405895281242076 0.078850960894106 -0.06537503931757058
0.108097595409261 0.01803525810120045 -0.01462912379435635
0.05770594569055329 0.07512070208129831 -0.09987012833710719
-0.003011341910233117 0.03523157207805479 0.01560835604043277
0.1141022059703912 -0.004326369592711748 0.04144089884456008
-0.02774017473693741 -0.03972109358944007 0.07799607886671417
-0.03440650343503194 -0.02619633659542834 -0.0141691446021723
0.01719952135086153 0.05106351441731618 0.01019683685205777
-0.05761075710682826 -0.1196194942985903 0.1436011570650077
-0.07103243018393374 -0.06772463499035564 0.07593496134776052
0.1127808874505088 -0.01015064314594232 -0.04084187481628176
0.1399020612216624 -0.09218980122006892 0.04671507260576445
0.06468451565050455 -0.1056147212365267 0.09242291653082295
-0.05957098193500448 0.05482002293594643 -0.07608089451090638
-0.04400894775358218 -0.01184084996493112 0.003454249223494201
-0.06215084497206311 -0.02663822963318362 0.07854371326117084
0.1051676128788908 0.0251905305551594 -0.07402031427261439
0.04202634353548611 -0.005955132275028138 0.04611017213920639
0.05773314988312432 -0.04223586910702412 -0.01736387548929607
-0.07563115733196722 -0.00724080801450777 -0.01348638211202761
0.1155513369893819 -0.08555781083768682 0.05238822314139946
0.1645147045212914 0.1096238060079198 -0.1858520576554252
0.09872894631139871 0.008464218252446436 0.002557106183708611
-0.02686480120563162 -0.06994869374035731 0.09578845904039919
0.1233184137393261 0.03573125332274441 -0.1215184491470647
0.01902303224735308 0.03078075012974414 0.02284509575523119
-0.04570211351577991 -0.02654396087369131 0.09449627077515532
0.1202230672753555 -0.09056285061733062 0.064481075535227
-0.03326400029425334 -0.02181756383895899 -0.008895039261834823
0.06657524660288601 -0.0447801999343963 0.05292579795998466
-0.07373784239300317 -0.10861042340848 0.1489902927660174
0.03669758825031337 0.02103257522085743 -0.06731572915138043
-0.1970449659992481 -0.1168670205581228 0.221176784995914
0.1381463439842791 0.002483547673038509 -0.08591667334049238
-0.05220982826690364 -0.03874998535781408 0.06882377555506981
0.1282266396685497 0.02848514010404873 -0.05040672236487842
-0.03737407185490008 0.01138674203062875 -0.00596037135557522
-0.007861165325494836 -0.1043316607780418 0.1187115883770477
0.02866730148171959 0.06313535497251553 -0.02689771504304822
0.1506835845718849 0.02815756049074004 -0.1212364647030704
0.1428219018284793 0.003677103209028038 -0.09130464680055024
0.09093178787676522 -0.067288331194771 0.05881899759618382
0.1672495784909684 0.01815183298880181 -0.1389115104347129
0.0138279488911345 -0.1259008440194014 0.1183853044855477
0.1209957344699027 -0.04590316454002002 0.06321079723067549
-0.001439007971166084 0.03133055475925903 0.05141401573539479
-0.03057760475123176 0.04949525366718413 -0.05227981547320668
0.1098720434688459 -0.1275770381743441 0.09106996253010095
0.001912858974337645 -0.05346669113480349 -0.03759010399419845
-0.05992580665140801 0.061738294032783 -0.08059911472346246
0.03167041310012795 0.02884573169894974 -0.02652925878375002
0.02167867420795149 0.1086285042215309 -0.1224449534022413
0.01789772660307987 0.1019345083904767 -0.1151560239163726
0.009802463811684845 -0.1245714567944522 0.1270010434549307
0.01124926269167468 -0.06551455068414634 0.0229569498955562
0.05646586742441537 0.06557183424978409 -0.08582949951183541
0.0176697661944486 0.01484065903013794 -0.03935939168730589
-0.07624849186526383 -0.0649457968376725 0.03391142880946624
0.101410802157902 -0.02826521444867316 0.06136366575162951
-0.1242654127727323 -0.09732454745425703 0.1594915853730197
-0.1841504489278382 -0.136891282990931 0.2278496144835846
-0.04921150364283657 -0.05796480144067372 0.04868944355816358
-0.06085502488581637 -0.01354451580349019 0.03312545510397955
0.1371063072482601 0.01220145720896095 -0.07390509823201974
0.09101890190439792 -0.04109537850062359 0.02731335465231122
0.148654965710405 0.02751458006518733 -0.1079843278868772
-0.02061469195190285 0.05662842221105854 -0.0530536539863154
0.1271738043384142 0.0529738875491508 -0.08393812967868308
0.07541937457215223 0.03353207829716999 -0.09239189796282346
0.09806790041781795 0.08661128561683913 -0.1054477557779765
-0.07126266588426551 -0.003461482272652772 -0.01867486688264243
-0.05508459500608325 -0.06741329664002929 0.04486650401623152
0.03099439161005256 -0.06691456157343845 0.08281218695474617